$ANSIBLE_VAULT;1.1;AES256
30653864656266663066663866633565313864623964386565393465616339353435333663303036
3733326462653137653464656265383139333862643636360a663865636633386132343631353564
37643935623030633031323739633337636363356361343465326230613061393530666161633238
3361333833656632300a633337353662663636623237353531323936393866653834393634643863
30326132663164333434633136346539643039363630303638386437303661376663373337336135
32363339373537646561363163383035633263373738656236343231653234396332643537333735
35393565316264353335616532613438633461663834366630353836643461623836346431373263
34343233343532366430343437653562336433323438636264613666613838616334353363376661
35643736653865393966616339393864613261396134343932643266333662663566373332656662
64306537663337633230656330623730626633333632646535623234313437363966396365613565
65303738353862353232363963313639616333363436623266373263306665633363613566396666
62333061333366373362626466326238633266666630613932353863373466373533313831626137
33336638393661303834663461653630313862623665323138626434343635386165323064643964
36633639633232303635376463323765643837666464313230313533613030386634636361663333
38643330333332616234646434346135653031346239333734363431626464613062656431646538
62623137383664666165366130306465616566313264323539393864396533633535303464386533
63666336666564396533653962316462656535626330343830363061623730643566373363613938
35313063336563386236623237383230316137373631323538343130666530363964326632653265
39363231613938613463336566623964343465373837613263373330653832313730396663633163
64333034663363303063656438626236656466353565613033663636376338383266393833303439
34623165633635306133633765616538333736653338636238623930656337316535383433613863
62653236326437383661636166373864633537396139643962613930316166623033643862373836
38323565633963666561306134393262613931353261333466633066623866353536633631653038
66626364306636393935383031376130336263623862633437373435343261333766633530313439
32616361643439613434616139333165396431306533363435643638666637376336313237373637
30643934393561313439396439636438376437393961313565666432663937303530376262346263
66313339363363386433303033656634616535616665626532323262303665306366623234623663
32373036366232346663613239366638323935343535643737313533653838306265633131316266
65623230386564363032323363336534393139663866316534616136323036383137623934323836
35303734623064313031646438363537613038316433303637626533653461396435626638336435
32646431333638633362626137386230633132346364303765323536333033393035623237353761
62393737303061383335626230343762316165343433663339633566626631373264313433363737
64626433333032333131363835353331353366313962356630613438663834653731643231633632
30313639346633343166643433343134633465666234363765366534316635306265333036613763
66646536623761643533386135346264613837343366333033356363666433393164353064336232
35663030363131663265643635653430343966623133326463666165393965353261663265333430
62623761636330623335306437373032653262656135353364356438303130366534373037643235
30636639633338386161633534383933393765623330643133393338623564373265393135663462
66363337646330643664393332303134363761646237663231633866396364666637363761613065
35616534356664376639396436636463633135306336346630633833626534643364653866386437
32373931393665363466363039383966306663343135373333656536656462353536386337353132
35636339383234353739646439643134326361396236396563366437333336633165343131653436
66663537633431663639313165643036323566653364653630633462363837393730373530393930
33653563373939353037343264386236366465326663646264643761653164646333313166623131
63303435396362383963383538353433303138373239313861643634396664633161386163383865
31663232636133623031613666303431393937376662313966323165636132623439326335663462
30643639646566346636656432656561303738393638383639666138366565353332623961333432
31336466623038373034636438336231353535316364383435623731313030653666373264643465
34326232376133376366616565656536333161653731363832393730353565333030313033396532
62376533653465373561353837313035653536363438396339636433306232313032333066363837
37353663313762303034643534316234366265363636646639313535633836613332303766313264
37386238656339643064633266333731303237383134613062326232653738396238623065623765
66363962636165313339326531366637363830666437643137636561666136613734666162323635
39636339653564636634353638646533666665653361636631353730663730353335623533613031
65636464313935316130646262346530393333333832366331336133633364333763303634666237
34383432643336343032306436363236633232313235663137633238353933626336383038336165
36336463356135343865363064353733613164353438363531306164383661663566613436386133
35613565383536616439336630613236643539326662646263616437623330663834623364386366
31313661306238653866396131373861326437323361323538653039316333656464353836366230
64623866613164306662376536326637363666306531393831656637633733306431633362333830
39396131386437386236663333646563333463653639623131663130343833633965613363313239
61353363333865393565346563356531323765326265376132376433666564313230666333656564
63366432333738356161396130306435396562656235353239306234666132663936323062333837
38616432306261613966643966313664363532393461323333316337633337303232333962633636
34383566336235626563626230633366386231363230636161656539343731653832643264376336
31653838646130306161663362343532306164356661316661623439333530333739316232346363
64356132323137393832363337626237653533613336356531303630396133376332613339353363
31643061306561346361306534376364373463383433633631363534323838376637306664643362
39623465366631663365633435623137646637346263363936306235303139613736636432336437
36623030623138373161343631383139316438366166343331646436303334663431616234323964
31333036636364396139316330396331616232366331343164623939396430643737393332666430
36386236316230656234366330386634663536663134303730383337383037376432323039303334
30353739303533376562306638336336356636643733643564306634373932393631633462373865
39616330363732613532356330323931393130643562656632346434633862653863386631663838
62626536386430633934336139613836643038353037616665626233353564656331356363383630
33633332323633653132396338393732623731616237623434393462663062646161613435656434
65306531393135653636646466343461353638653039326233623539393632363537663134633333
32373239303933343533626237646637646136356435613535376433626633626139643362353234
66383131356465633835306138343262303039393765363762613266616439626433633663623665
36653164323131393866653765336161303263363165383730626435363665663830306461363438
35356637616161643765656334346231656630346634643932326338623765323964323333633530
65346635643037663730346564323761633431343938346630646461363739306135376662636135
30373462633331613130336338323235323237646630363966386537336463343166396563323934
63376236356264343936306436303132376235353738363537616365613734333566323033653962
39613865323033613638303537653032313363666562383966653437343137623736343263303633
31366263633766376534633834326330613134346632376530656363656538306533663963633736
37613439653966306334396562333261663134316461623231656336363733623439613735366134
32323563363962303865363536666162643639346334386533613564343933363730316435353832
62366262326436663433613638376564343234646538663232336337613538353833386439616131
33616637323830613065363662623136303964613062646132343132366533303965326361323165
66626165613039646561373630346236323338613134623638396631643738643231363037316665
35663431626164333737356331363865623037666336383532323662333630343432393566356165
62396336323130643166653330393066316331643261346164303663353964356466653965626431
30643431366566366231343038623635366664306232333662353131613637316131303136633965
39666363333633613838663634366133663934343636363661623637636633383738623861346232
64393738383463626131616235353434613431623737636333383966326231303965623939663634
62353736373961316462616134613134343639363132663362633334393738323163316137653933
39303465366362333239306361326339343466636235626338383433393964373838346263653862
36346162393938653539653230363632313333666631376266646539623661663033656138323236
63363639383461376537343932303563323834336364353864653536323534613936356663313831
66383630643164323134616162346263313564613066393736656339633638343461346265376235
39353431666532303365376637333866376164326639656434656435323961393865383939336562
36636235386566356632633034633866616464373766656236366534346137663866343839356636
36613037353435333564623831656234306565616535653933323261663036663634646134613733
65396464653665323562336531646535393830363135323837313531663466653730393937396232
30616536366562353863363436653461333262343766353932373863303734663635666166633030
38303761636537333562383736313363343266326333363233313233623562383162323364316133
65376337386337633133666333313065626530636134636131633237633732616130313666333364
31663735353063343164316233653239366431646261616265346635613830306461326164316136
38373163663163633966656335326232613134333333326632663132383430616433323033633863
64316637353130333032373466306530313431616139333863333630393239623138643763366565
63313534333366613730323234353863373939386534346438313337373438623564633535356262
31316633393161336534343163636131316636323832643263383235353338303365623039313763
63633537353230323532633866666231663231666165386230376231353934383164626433373766
62356664313137353461383031656434363665306437323834323530356331313932656562383565
32656165316239633538643931326661333962373465663134316334363033633234653935346436
36353932393765643832393861366164373263633664343062663230336335653737386638393235
38613064353338356533386638653833646636343730663530343837336335663736303032383364
66303835623839303239303335306466313862663962316533316664663636393138333462663230
31313766386139653834646462633862656534613233323564386536646234343530626236643534
63333635343135633732633264316632313262386531323862623165373563396333326534616238
32306136313365623339653038333037323565633565663464363038363430316139653033653633
32633263393064353033386133646239653339323561363566396336633138666531353137356439
35326462616436393033303633636336636637663538313063643764643062353463393639613835
33363162373461636639373035613630643166636164333965323831313134306366323465613764
66343939336236666636366662353731356566363561313432643034366632356131376166643962
30306231366132623862656565643966366166643565333261613435636538303535323366323562
61663533613165306663616532363234666463396631323133346633653566643766346266343234
34356132316461633630633131393531633234373763386366353935646132643364653765383563
34333036376439636461366333366265366466333231666531656265643261313234393265353034
34623433386232613762313232633336313037383239366237313834306633346332383063373566
61626266356333646533333733303335633831313065313138336664663736383231333235626165
31646630353239326365613263656432373233393633626563333034366436636130336539356231
64386432393665303530323537653162333537316633313131643164343765313033383834373130
653132313434323135306636333431363239
